611687 600620 11067 
633199 622474 10725 
654747 644087 10660 
676495 665575 10920 
697969 687366 10603 
719294 708661 10633 
740540 729887 10653 
762357 751509 10848 
784003 773138 10865 
805555 794907 10648 
827253 816278 10975 
848651 838019 10632 
870176 859521 10655 
891694 881052 10642 
913266 902456 10810 
934783 923949 10834 
956430 945637 10793 
977856 967087 10769 
999311 988665 10646 
020684 009973 10711 
042140 031298 10842 
063703 052815 10888 
085094 074458 10636 
106355 095704 10651 
128086 117149 10937 
149626 138990 10636 
171383 160502 10881 
192871 182257 10614 
214190 203482 10708 
235805 225014 10791 
257234 246485 10749 
278879 268235 10644 
300540 289684 10856 
322025 311415 10610 
343807 332895 10912 
365407 354691 10716 
386979 376230 10749 
408543 397884 10659 
430126 419192 10934 
451733 440776 10957 
473060 462432 10628 
494365 483772 10593 
515862 505168 10694 
537517 526627 10890 
558832 548212 10620 
580577 569666 10911 
602279 591375 10904 
623856 613060 10796 
645430 634506 10924 
666689 656048 10641 
688364 677485 10879 
709805 698948 10857 
731927 720656 11271 
753470 742528 10942 
774889 764214 10675 
796317 785621 10696 
817844 807239 10605 
839446 828644 10802 
861094 850276 10818 
882726 871997 10729 
904241 893411 10830 
925765 915019 10746 
947164 936542 10622 
968946 958113 10833 
990260 979632 10628 
011909 001144 10765 
033411 022674 10737 
054628 044049 10579 
076199 065277 10922 
097752 086971 10781 
119300 108549 10751 
140483 129863 10620 
162212 151438 10774 
183937 173069 10868 
205510 194573 10937 
226676 216098 10578 
247943 237327 10616 
269418 258509 10909 
290893 280289 10604 
312431 301798 10633 
333718 323051 10667 
355306 344585 10721 
376677 366065 10612 
398465 387552 10913 
419829 409187 10642 
441534 430627 10907 
463277 452401 10876 
484821 473843 10978 
506363 495521 10842 
528068 517235 10833 
549699 538951 10748 
571204 560598 10606 
592469 581823 10646 
613732 603141 10591 
635549 624551 10998 
667036 646150 20886 
688571 677708 10863 
709835 699171 10664 
731255 720525 10730 
752722 741966 10756 
773885 763308 10577 
795553 784554 10999 
816973 806122 10851 
838300 827720 10580 
860105 849196 10909 
881678 870996 10682 
903373 892638 10735 
924910 914292 10618 
946398 935548 10850 
968023 957106 10917 
989568 978858 10710 
010702 000173 10529 
032136 021471 10665 
053580 042789 10791 
075114 064224 10890 
096863 085765 11098 
118124 107524 10600 
139508 128780 10728 
161165 150422 10743 
182691 171999 10692 
203951 193320 10631 
225113 214535 10578 
246674 235787 10887 
267943 257290 10653 
289080 278531 10549 
310316 299710 10606 
331979 321141 10838 
353608 342872 10736 
375421 364556 10865 
397116 386291 10825 
418777 408028 10749 
440490 429660 10830 
461775 451213 10562 
483265 472573 10692 
504993 494200 10793 
526352 515706 10646 
548012 537049 10963 
569645 558877 10768 
591261 580459 10802 
612460 601833 10627 
633820 623215 10605 
655504 644592 10912 
676854 666252 10602 
698237 687539 10698 
719531 708883 10648 
740971 730276 10695 
762240 751635 10605 
783814 772961 10853 
805435 794455 10980 
826778 816137 10641 
848609 837611 10998 
869830 859255 10575 
891449 880744 10705 
912795 902047 10748 
934408 923634 10774 
955932 945245 10687 
977484 966506 10978 
999282 988314 10968 
020934 009949 10985 
042468 031815 10653 
064148 053373 10775 
085600 074777 10823 
107389 096472 10917 
129220 118322 10898 
150785 139910 10875 
172287 161618 10669 
193738 182978 10760 
215150 204284 10866 
236785 225993 10792 
257959 247381 10578 
279267 268609 10658 
300670 289838 10832 
322116 311533 10583 
343626 332976 10650 
365231 354438 10793 
386891 375944 10947 
408675 397875 10800 
430282 419564 10718 
452141 441097 11044 
473658 463040 10618 
495290 484492 10798 
516575 505863 10712 
537850 527192 10658 
559164 548536 10628 
580773 569985 10788 
602122 591426 10696 
623758 612816 10942 
645287 634347 10940 
667061 656227 10834 
688547 677889 10658 
710018 699153 10865 
731507 720628 10879 
753340 742301 11039 
774765 764069 10696 
796144 785494 10650 
817364 806754 10610 
838624 827977 10647 
859990 849275 10715 
881553 870599 10954 
903215 892488 10727 
924727 913893 10834 
946527 935664 10863 
967996 957333 10663 
989762 978904 10858 
011348 000679 10669 
032874 022018 10856 
054610 043554 11056 
075933 065262 10671 
097672 086667 11005 
119178 108330 10848 
140708 129771 10937 
162450 151530 10920 
184048 173230 10818 
205789 195006 10783 
227102 216437 10665 
248412 237571 10841 
269870 259260 10610 
291189 280510 10679 
312862 302159 10703 
334494 323555 10939 
356059 345135 10924 
377583 366757 10826 
398863 388192 10671 
420426 409592 10834 
441850 431076 10774 
473464 452477 20987 
494886 484123 10763 
516626 505866 10760 
538060 527471 10589 
559832 548905 10927 
581537 570712 10825 
603291 592356 10935 
624775 613884 10891 
646369 635535 10834 
668242 657166 11076 
689504 678833 10671 
711318 700446 10872 
732553 721906 10647 
753809 743217 10592 
775529 764542 10987 
797139 786263 10876 
818765 807919 10846 
840213 829443 10770 
861833 850853 10980 
883069 872454 10615 
904292 893614 10678 
925763 915019 10744 
947164 936493 10671 
969049 957989 11060 
990637 980014 10623 
012315 001490 10825 
033524 022886 10638 
055138 044462 10676 
076834 065869 10965 
098073 087462 10611 
120009 109018 10991 
141486 130852 10634 
162982 152116 10866 
184298 173641 10657 
206039 195124 10915 
227512 216712 10800 
248943 238345 10598 
270841 259806 11035 
292337 281450 10887 
313560 302992 10568 
335057 324418 10639 
356387 345707 10680 
377836 367011 10825 
399607 388721 10886 
421164 410353 10811 
443005 432091 10914 
464629 453686 10943 
486074 475467 10607 
507389 496713 10676 
528760 518110 10650 
549998 539419 10579 
571426 560685 10741 
592908 582037 10871 
614491 603587 10904 
635869 625187 10682 
657451 646727 10724 
678858 668124 10734 
700392 689513 10879 
721937 710964 10973 
743434 732760 10674 
764798 754041 10757 
786229 775535 10694 
807646 796945 10701 
829066 818272 10794 
850488 839631 10857 
872244 861366 10878 
893566 882813 10753 
914786 904226 10560 
936410 925586 10824 
957824 946970 10854 
979376 968523 10853 
000932 989968 -989036 
022673 011753 10920 
044267 033294 10973 
065692 055122 10570 
087303 076653 10650 
108711 097994 10717 
130276 119342 10934 
151772 141047 10725 
173646 162557 11089 
195176 184446 10730 
216758 205775 10983 
238281 227693 10588 
259718 248956 10762 
280973 270313 10660 
302216 291635 10581 
323708 312873 10835 
345554 334562 10992 
366888 356229 10659 
388310 377467 10843 
409558 398956 10602 
431060 420201 10859 
452652 441791 10861 
474030 463202 10828 
495699 484772 10927 
517226 506285 10941 
538812 527872 10940 
560333 549551 10782 
581552 570978 10574 
603138 592430 10708 
624793 613725 11068 
646482 635660 10822 
667939 657262 10677 
689204 678570 10634 
710700 699866 10834 
732150 721366 10784 
753738 742798 10940 
775154 764394 10760 
796490 785792 10698 
817982 807368 10614 
839281 828638 10643 
860820 849850 10970 
881965 871419 10546 
903263 892543 10720 
924747 913824 10923 
946330 935436 10894 
967859 957030 10829 
989280 978533 10747 
010802 000248 10554 
032480 021568 10912 
053737 043119 10618 
075204 064409 10795 
096509 085781 10728 
117776 107162 10614 
139365 128593 10772 
161028 150264 10764 
182606 171937 10669 
204335 193508 10827 
225564 214889 10675 
246774 236188 10586 
268384 257612 10772 
289765 278935 10830 
311388 300540 10848 
332904 321974 10930 
354543 343793 10750 
376112 365381 10731 
397575 386822 10753 
419269 408299 10970 
440874 430016 10858 
462124 451436 10688 
483548 472888 10660 
504776 494136 10640 
526114 515427 10687 
547574 536800 10774 
569073 558389 10684 
590443 579724 10719 
612267 601465 10802 
633730 622901 10829 
655393 644651 10742 
676695 665954 10741 
698391 687531 10860 
719851 709159 10692 
741660 730661 10999 
762985 752319 10666 
784388 773721 10667 
805836 795180 10656 
827438 816529 10909 
848867 838041 10826 
870220 859641 10579 
891522 880877 10645 
912920 902119 10801 
934552 923724 10828 
956289 945483 10806 
977944 966954 10990 
999380 988725 10655 
021166 010308 10858 
042799 031923 10876 
064236 053538 10698 
085774 074851 10923 
107244 096570 10674 
128674 117928 10746 
149939 139316 10623 
171618 160686 10932 
193152 182203 10949 
214585 203852 10733 
236286 225388 10898 
257721 246956 10765 
279281 268530 10751 
300836 289960 10876 
322156 311466 10690 
343489 332841 10648 
364889 354095 10794 
386262 375651 10611 
407924 397093 10831 
429505 418848 10657 
451199 440282 10917 
472752 461869 10883 
494175 483602 10573 
515653 504989 10664 
536980 526238 10742 
558543 547721 10822 
580151 569193 10958 
601671 590878 10793 
623250 612372 10878 
644824 633896 10928 
666428 655733 10695 
687868 677079 10789 
709468 698755 10713 
731139 720224 10915 
752588 741927 10661 
774163 763463 10700 
795996 785087 10909 
817279 806579 10700 
838583 827966 10617 
860282 849551 10731 
881845 870856 10989 
903660 892734 10926 
925244 914254 10990 
946773 935994 10779 
968079 957394 10685 
989497 978813 10684 
011123 000319 10804 
032983 022050 10933 
054765 043887 10878 
076328 065472 10856 
097826 086964 10862 
119487 108693 10794 
141004 130193 10811 
162764 151980 10784 
184509 173490 11019 
206247 195366 10881 
228019 217171 10848 
249727 238908 10819 
271475 260761 10714 
293187 282403 10784 
315022 304047 10975 
336792 325827 10965 
358288 347551 10737 
379922 369140 10782 
401797 390885 10912 
423334 412511 10823 
444996 434063 10933 
466873 455914 10959 
488719 477839 10880 
510230 499528 10702 
531957 521196 10761 
553577 542890 10687 
575334 564414 10920 
596997 586016 10981 
618616 607735 10881 
640123 629344 10779 
661624 650803 10821 
683453 672620 10833 
705233 694396 10837 
726841 716241 10600 
748551 737848 10703 
770273 759498 10775 
792166 781190 10976 
813745 802972 10773 
835337 824460 10877 
856818 846083 10735 
878341 867649 10692 
899920 889213 10707 
921571 910807 10764 
943220 932321 10899 
964547 953868 10679 
986352 975475 10877 
008341 997376 -989035 
029995 019058 10937 
061681 040755 20926 
083565 072561 11004 
105395 094497 10898 
127173 116247 10926 
148748 137816 10932 
170326 159460 10866 
192001 181282 10719 
213431 202734 10697 
234892 224213 10679 
256536 245606 10930 
278270 267527 10743 
300094 289189 10905 
321581 310886 10695 
343418 332525 10893 
364997 354243 10754 
386572 375732 10840 
408538 397549 10989 
430257 419508 10749 
451961 441165 10796 
473597 462792 10805 
495635 484628 11007 
517231 506363 10868 
538819 528050 10769 
560655 549639 11016 
582124 571463 10661 
603930 592985 10945 
625684 614878 10806 
647463 636603 10860 
668781 658115 10666 
690369 679732 10637 
712048 701135 10913 
733594 722943 10651 
755270 744532 10738 
776946 766244 10702 
798701 787930 10771 
820456 809563 10893 
841769 831168 10601 
863185 852400 10785 
884835 874056 10779 
906500 895718 10782 
927981 917237 10744 
949606 938731 10875 
971133 960521 10612 
992569 981866 10703 
014334 003414 10920 
035914 025127 10787 
057118 046492 10626 
078727 067989 10738 
100447 089613 10834 
121851 111061 10790 
143635 132682 10953 
165083 154237 10846 
186756 175899 10857 
208579 197710 10869 
229739 219192 10547 
251323 240554 10769 
273036 262212 10824 
294615 283968 10647 
316183 305482 10701 
337666 326848 10818 
359424 348511 10913 
381098 370260 10838 
402821 391980 10841 
424397 413746 10651 
445733 435088 10645 
467302 456362 10940 
488930 478014 10916 
510188 499558 10630 
531999 521061 10938 
553522 542571 10951 
574779 564130 10649 
596297 585418 10879 
617901 607027 10874 
639550 628616 10934 
660864 650121 10743 
682299 671637 10662 
703887 693196 10691 
725353 714539 10814 
746621 735982 10639 
771751 757318 14433 
793138 782411 10727 
814761 803883 10878 
836166 825392 10774 
857685 846989 10696 
879167 868310 10857 
900545 889678 10867 
922186 911361 10825 
943665 932953 10712 
965429 954454 10975 
986886 976084 10802 
008574 997820 -989246 
030036 019227 10809 
051516 040798 10718 
072962 062332 10630 
094296 083684 10612 
115527 104923 10604 
137005 126406 10599 
158344 147628 10716 
180113 169260 10853 
201420 190682 10738 
222888 212335 10553 
244484 233842 10642 
265826 255204 10622 
287379 276490 10889 
308843 297930 10913 
330152 319522 10630 
351615 340765 10850 
372896 362164 10732 
394399 383511 10888 
416119 405339 10780 
437678 426851 10827 
459297 448452 10845 
480529 469877 10652 
502073 491408 10665 
523624 512964 10660 
544970 534167 10803 
566355 555623 10732 
587592 576975 10617 
609212 598445 10767 
630658 619856 10802 
652046 641338 10708 
673601 662864 10737 
695280 684469 10811 
716856 705975 10881 
738218 727461 10757 
759826 749049 10777 
781480 770618 10862 
802811 792125 10686 
824585 813677 10908 
846153 835539 10614 
867739 856790 10949 
889114 878430 10684 
910531 899961 10570 
932065 921471 10594 
953532 942712 10820 
975408 964517 10891 
996937 986127 10810 
018662 007807 10855 
040448 029692 10756 
061839 051200 10639 
083342 072566 10776 
105103 094318 10785 
126745 116088 10657 
148445 137647 10798 
170293 159411 10882 
191857 181088 10769 
213801 202776 11025 
235491 224726 10765 
257515 246403 11112 
278981 268311 10670 
300442 289676 10766 
322071 311175 10896 
343830 332913 10917 
365231 354497 10734 
386964 376002 10962 
408558 397682 10876 
430375 419564 10811 
451890 441173 10717 
473514 462571 10943 
495089 484246 10843 
516632 505791 10841 
538388 527573 10815 
560349 549407 10942 
581890 571074 10816 
603525 592613 10912 
625453 614470 10983 
646945 636167 10778 
668299 657691 10608 
689638 678839 10799 
711353 700398 10955 
733029 722205 10824 
754427 743661 10766 
776002 765296 10706 
797703 786877 10826 
818963 808316 10647 
840461 829727 10734 
862016 851339 10677 
883339 872740 10599 
904562 893916 10646 
925747 915169 10578 
947194 936393 10801 
968780 957878 10902 
990272 979401 10871 
011757 001025 10732 
033483 022533 10950 
054896 044111 10785 
076259 065590 10669 
097640 086931 10709 
119198 108573 10625 
140465 129778 10687 
161784 151111 10673 
183250 172623 10627 
205027 194081 10946 
226798 215929 10869 
248481 237502 10979 
269924 259169 10755 
291357 280734 10623 
312940 301916 11024 
334383 323710 10673 
355932 345218 10714 
377656 366787 10869 
399387 388428 10959 
420930 409964 10966 
442305 431730 10575 
463789 453031 10758 
485352 474549 10803 
506773 496206 10567 
528351 517694 10657 
549502 538951 10551 
571155 560387 10768 
592829 581919 10910 
614459 603623 10836 
636017 625401 10616 
657539 646875 10664 
678797 668249 10548 
700086 689503 10583 
721251 710679 10572 
742841 732071 10770 
764557 753676 10881 
786140 775248 10892 
807958 797077 10881 
829475 818562 10913 
850724 840141 10583 
872341 861472 10869 
893912 883124 10788 
915516 904672 10844 
937124 926386 10738 
958386 947716 10670 
979831 969086 10745 
001249 990445 -989196 
022812 012034 10778 
044465 033664 10801 
066047 055148 10899 
087573 076889 10684 
109323 098439 10884 
130909 120246 10663 
152620 141672 10948 
174304 163414 10890 
195826 185181 10645 
217136 206410 10726 
238872 227969 10903 
260366 249422 10944 
281542 270972 10570 
302747 292195 10552 
324531 313717 10814 
346102 335501 10601 
367704 356713 10991 
389085 378468 10617 
410723 399886 10837 
432189 421545 10644 
453636 443056 10580 
475349 464481 10868 
496801 486043 10758 
518273 507540 10733 
539960 529082 10878 
561571 550820 10751 
582900 572209 10691 
604510 593768 10742 
625774 615150 10624 
647386 636625 10761 
669061 658287 10774 
690689 679869 10820 
712413 701500 10913 
733576 723020 10556 
754776 744230 10546 
776144 765493 10651 
797689 786910 10779 
819124 808334 10790 
840415 829732 10683 
861549 850987 10562 
882706 872163 10543 
904390 893523 10867 
925558 914969 10589 
946928 936208 10720 
968583 957694 10889 
990307 979419 10888 
011809 001013 10796 
033587 022667 10920 
055140 044498 10642 
076901 065989 10912 
098451 087852 10599 
120105 109094 11011 
141619 130808 10811 
163236 152530 10706 
184463 173796 10667 
205863 195271 10592 
227425 216787 10638 
249120 238315 10805 
270894 259945 10949 
292098 281533 10565 
313511 302792 10719 
335093 324483 10610 
356439 345642 10797 
377925 367160 10765 
399516 388814 10702 
421055 410331 10724 
442319 431746 10573 
464230 453253 10977 
485650 475016 10634 
506914 496302 10612 
528476 517602 10874 
550246 539379 10867 
571974 561166 10808 
593551 582649 10902 
615173 604506 10667 
636646 625789 10857 
658134 647443 10691 
679864 668938 10926 
701224 690451 10773 
722995 712085 10910 
744499 733765 10734 
765860 755251 10609 
787336 776514 10822 
808655 798026 10629 
830109 819262 10847 
851627 840885 10742 
873357 862391 10966 
894917 884252 10665 
916475 905706 10769 
937733 927104 10629 
959486 948676 10810 
980869 970092 10777 
002221 991604 -989383 
023643 012834 10809 
045257 034401 10856 
066731 056088 10643 
088224 077375 10849 
109808 099012 10796 
131284 120572 10712 
152606 141985 10621 
174085 163254 10831 
195461 184733 10728 
217120 206369 10751 
238616 227998 10618 
260195 249259 10936 
281739 271104 10635 
303338 292545 10793 
324781 313963 10818 
346011 335442 10569 
367470 356661 10809 
389018 378299 10719 
410568 399932 10636 
431957 421182 10775 
453492 442791 10701 
474936 464239 10697 
496389 485541 10848 
517805 507002 10803 
539345 528539 10806 
560937 550009 10928 
582136 571564 10572 
603492 592808 10684 
625123 614124 10999 
646604 635763 10841 
668050 657230 10820 
689746 678917 10829 
711113 700483 10630 
732562 721924 10638 
754127 743409 10718 
776001 765064 10937 
797551 786847 10704 
819383 808442 10941 
840686 829942 10744 
862204 851412 10792 
883758 873094 10664 
905342 894646 10696 
926909 915993 10916 
948827 937862 10965 
970248 959550 10698 
991832 980902 10930 
013425 002461 10964 
034792 024011 10781 
056475 045579 10896 
078230 067374 10856 
099926 089157 10769 
121363 110781 10582 
142814 132003 10811 
164206 153464 10742 
185903 175056 10847 
207367 196601 10766 
228886 218165 10721 
250424 239599 10825 
271885 261092 10793 
293582 282743 10839 
315203 304306 10897 
336580 325791 10789 
358418 347502 10916 
379979 369098 10881 
401492 390678 10814 
422846 412153 10693 
444381 433543 10838 
465546 454961 10585 
486761 476182 10579 
508439 497660 10779 
530171 519274 10897 
551764 540967 10797 
573116 562493 10623 
594650 583982 10668 
616697 605993 10704 
638156 627493 10663 
659816 648931 10885 
681656 670682 10974 
703436 692544 10892 
725115 714229 10886 
746741 736018 10723 
768321 757542 10779 
789561 778994 10567 
811276 800340 10936 
832942 821944 10998 
854345 843596 10749 
875923 865152 10771 
897572 886580 10992 
918812 908201 10611 
940655 929706 10949 
962126 951408 10718 
984157 972967 11190 
005724 994974 -989250 
027166 016463 10703 
048739 037879 10860 
070305 059573 10732 
091992 081111 10881 
113467 102593 10874 
135050 124103 10947 
156536 145778 10758 
177780 167173 10607 
199357 188631 10726 
220624 209994 10630 
242258 231543 10715 
263895 253036 10859 
285534 274598 10936 
306892 296299 10593 
328457 317716 10741 
350009 339106 10903 
371777 360873 10904 
393139 382366 10773 
414818 404099 10719 
436301 425571 10730 
457569 446986 10583 
478998 468382 10616 
500448 489756 10692 
521812 511102 10710 
543424 532612 10812 
565136 554234 10902 
586691 575947 10744 
608277 597357 10920 
629670 618860 10810 
651389 640513 10876 
672985 662266 10719 
694603 683851 10752 
716040 705223 10817 
737640 726706 10934 
759433 748490 10943 
781074 770200 10874 
802813 792067 10746 
824532 813604 10928 
845850 835166 10684 
867370 856546 10824 
889038 878095 10943 
910590 899926 10664 
931936 921292 10644 
953793 942824 10969 
975447 964554 10893 
997017 986341 10676 
018695 007894 10801 
040505 029608 10897 
061875 051110 10765 
083270 072454 10816 
104566 093820 10746 
126212 115454 10758 
147905 137143 10762 
169201 158574 10627 
190771 179964 10807 
212214 201574 10640 
233625 222987 10638 
255301 244334 10967 
276833 266000 10833 
298473 287590 10883 
320244 309376 10868 
341653 330971 10682 
362850 352289 10561 
384597 373637 10960 
405927 395355 10572 
427297 416577 10720 
448604 437860 10744 
470233 459382 10851 
491875 480912 10963 
513506 502595 10911 
535297 524412 10885 
556633 545868 10765 
578024 567203 10821 
599281 588662 10619 
620675 609847 10828 
642213 631433 10780 
663930 653002 10928 
685687 674826 10861 
707290 696493 10797 
728540 717979 10561 
749831 739250 10581 
771246 760580 10666 
792698 781822 10876 
814243 803415 10828 
836040 825083 10957 
857484 846618 10866 
878772 868221 10551 
900422 889573 10849 
921685 910991 10694 
943230 932545 10685 
964412 953799 10613 
986027 975207 10820 
007597 996660 -989063 
029068 018436 10632 
050294 039700 10594 
071861 061141 10720 
093682 082710 10972 
115384 104624 10760 
136908 125949 10959 
158349 147563 10786 
