186515 175373 11142 
208057 197305 10752 
229807 218928 10879 
251586 240522 11064 
273129 262222 10907 
294446 283727 10719 
315789 305100 10689 
337311 326411 10900 
358837 348090 10747 
380245 369489 10756 
401870 391031 10839 
423393 412635 10758 
445147 434302 10845 
466402 455654 10748 
487959 477111 10848 
509642 498701 10941 
531343 520414 10929 
552700 541982 10718 
574321 563466 10855 
596062 585185 10877 
617769 606981 10788 
639253 628380 10873 
660689 649939 10750 
682339 671561 10778 
704145 693154 10991 
725691 714894 10797 
747433 736516 10917 
769151 758313 10838 
790300 779656 10644 
811538 800886 10652 
833324 822369 10955 
854932 844068 10864 
876259 865590 10669 
897595 886915 10680 
919029 908278 10751 
940561 929760 10801 
962148 951177 10971 
983591 972657 10934 
004929 994181 -989252 
026436 015595 10841 
047927 037049 10878 
069572 058736 10836 
090929 080076 10853 
112588 101795 10793 
134004 123197 10807 
155592 144631 10961 
177217 166333 10884 
198739 187855 10884 
219993 209394 10599 
241337 230683 10654 
262554 251873 10681 
284073 273302 10771 
306140 294907 11233 
327458 316711 10747 
348973 338277 10696 
370463 359642 10821 
391701 381027 10674 
413215 402423 10792 
434799 424047 10752 
456025 445369 10656 
477741 466712 11029 
499415 488417 10998 
521134 510297 10837 
542757 531953 10804 
564271 553329 10942 
585784 574938 10846 
607509 596625 10884 
629159 618340 10819 
650455 639729 10726 
672155 661286 10869 
693723 682819 10904 
715212 704534 10678 
736662 725787 10875 
758331 747469 10862 
779917 769007 10910 
801731 790771 10960 
823359 812534 10825 
844685 833945 10740 
866400 855531 10869 
888004 877235 10769 
909680 898666 11014 
930978 920250 10728 
952560 941766 10794 
973855 963165 10690 
995496 984566 10930 
017091 006273 10818 
038394 027620 10774 
059940 049229 10711 
081262 070543 10719 
102636 091975 10661 
124041 113280 10761 
145586 134879 10707 
166920 156112 10808 
188297 177687 10610 
209990 199076 10914 
231499 220795 10704 
253098 242347 10751 
274263 263622 10641 
295687 284831 10856 
317319 306433 10886 
338880 327897 10983 
360202 349466 10736 
381783 370978 10805 
403502 392642 10860 
435453 414266 21187 
456765 446069 10696 
478404 467503 10901 
500036 489249 10787 
521981 510863 11118 
543570 532613 10957 
565181 554374 10807 
586648 576003 10645 
608142 597469 10673 
629665 618965 10700 
651300 640289 11011 
672640 661894 10746 
693902 683233 10669 
715359 704578 10781 
737231 726256 10975 
758425 747759 10666 
