Repetition #1
0.205746
0.20525
0.204963
0.205054
0.205012
0.204774
0.205018
0.204882
0.205109
0.225387
0.205364
0.204888
0.204992
0.20534
0.20463
0.204692
0.205015
0.206137
0.204863
0.204946
0.204923
0.205754
0.205325
0.205691
0.205247
0.205604
0.205434
0.204871
0.205405
0.205521
0.20571
0.205797
0.205805
0.205598
0.20555
0.205384
0.205575
0.205192
0.205279
0.204979
0.205293
0.205104
0.204746
0.205535
0.205224
0.204885
0.205192
0.20484
0.205538
0.205666
0.2054
0.205642
0.205828
0.205367
0.205495
0.205272
0.20493
0.205414
0.205347
0.20587
0.20555
0.205406
0.205452
0.205648
0.205636
0.20558
0.205209
0.205318
0.204986
0.205445
0.204948
0.205409
0.204598
0.205116
0.205035
0.205289
0.204656
0.204908
0.205054
0.204706
0.205187
0.205399
0.204768
0.204458
0.205385
0.204709
0.205307
0.205138
0.205148
0.204455
0.205313
0.20496
0.205026
0.205398
0.20553
0.205177
0.204474
0.204366
0.205353
0.204999


Repetition #2
0.205066
0.205098
0.205131
0.204973
0.205017
0.204769
0.205433
0.204791
0.205237
0.205172
0.204962
0.205381
0.204994
0.205016
0.205071
0.205165
0.20495
0.204876
0.204807
0.20501
0.204895
0.205222
0.205125
0.204885
0.205065
0.205218
0.204582
0.204906
0.20521
0.205134
0.204307
0.204989
0.204819
0.205313
0.205059
0.205211
0.205274
0.225088
0.205063
0.205039
0.204816
0.204992
0.205247
0.205018
0.205119
0.204834
0.204966
0.205154
0.204826
0.204782
0.204925
0.204924
0.204753
0.204992
0.205255
0.205113
0.205245
0.205534
0.205603
0.205566
0.205722
0.205351
0.205367
0.205564
0.205804
0.205604
0.20531
0.205398
0.205713
0.205555
0.205604
0.205499
0.205463
0.204976
0.205081
0.205513
0.205147
0.205469
0.205396
0.205628
0.205562
0.205417
0.20507
0.205515
0.205522
0.205515
0.20543
0.205264
0.205328
0.205385
0.205624
0.205456
0.2057
0.205631
0.205609
0.205082
0.205231
0.20517
0.205348
0.205227


Repetition #3
0.205482
0.205303
0.205632
0.205567
0.205445
0.205469
0.205263
0.205384
0.205416
0.205673
0.205568
0.205288
0.205008
0.20552
0.205392
0.204865
0.205142
0.205162
0.205201
0.205004
0.205279
0.205128
0.204989
0.204982
0.204916
0.205023
0.204844
0.205162
0.20457
0.204858
0.205167
0.205034
0.204838
0.205188
0.204977
0.204716
0.204917
0.205011
0.204695
0.205059
0.204995
0.205011
0.204692
0.204554
0.20514
0.204714
0.204991
0.204733
0.204913
0.204958
0.205326
0.205204
0.205141
0.205049
0.20531
0.205211
0.204942
0.204964
0.204687
0.205146
0.205061
0.20492
0.205294
0.204902
0.205017
0.204948
0.204637
0.205332
0.20477
0.20514
0.205025
0.204965
0.204729
0.205292
0.20504
0.204971
0.204989
0.205069
0.205219
0.205181
0.205039
0.205252
0.205264
0.205005
0.20478
0.205087
0.205188
0.204668
0.205044
0.205193
0.204667
0.204788
0.203374
0.203452
0.204804
0.204659
0.204829
0.205135
0.204699
0.204697


Repetition #4
0.204873
0.204978
0.205165
0.204599
0.205259
0.205146
0.205326
0.205075
0.20484
0.204919
0.205271
0.205184
0.20497
0.204925
0.204892
0.20506
0.205181
0.204877
0.204523
0.204815
0.204783
0.20544
0.204981
0.204882
0.204923
0.204825
0.20493
0.205334
0.20523
0.205064
0.205275
0.204991
0.205153
0.204657
0.205214
0.205017
0.204796
0.20509
0.205059
0.204894
0.205187
0.204764
0.204889
0.205269
0.205217
0.205105
0.205281
0.204956
0.20516
0.204975
0.20494
0.204638
0.20507
0.205462
0.205199
0.205107
0.205017
0.205091
0.205046
0.20512
0.204735
0.205215
0.205349
0.204848
0.205171
0.204644
0.205362
0.204998
0.205054
0.204926
0.205212
0.205022
0.205202
0.205081
0.205087
0.205206
0.205333
0.204729
0.205212
0.204599
0.204969
0.204268
0.204994
0.20477
0.204263
0.20485
0.204552
0.205375
0.20423
0.204846
0.205008
0.205074
0.205008
0.204675
0.205102
0.215376
0.20473
0.204693
0.204576
0.205047


Repetition #5
0.205212
0.205046
0.205252
0.204877
0.205429
0.205217
0.204932
0.20505
0.204869
0.204926
0.20497
0.205153
0.20529
0.205241
0.2049
0.205039
0.204998
0.205167
0.204985
0.204854
0.205615
0.205569
0.205332
0.205366
0.205228
0.205444
0.205267
0.205775
0.205693
0.205401
0.205047
0.204858
0.205332
0.205184
0.205133
0.204517
0.205222
0.205236
0.204699
0.204767
0.205157
0.205278
0.205159
0.205213
0.205302
0.204968
0.205062
0.204962
0.205175
0.205096
0.205323
0.20537
0.204842
0.205069
0.205009
0.205096
0.205108
0.204945
0.205144
0.205096
0.205298
0.204968
0.204974
0.20501
0.205248
0.204949
0.205325
0.205367
0.205076
0.204702
0.205354
0.204979
0.20532
0.205051
0.204871
0.205093
0.205142
0.20467
0.205026
0.204716
0.204952
0.204672
0.205067
0.204821
0.205336
0.205083
0.204822
0.204825
0.204675
0.205159
0.205121
0.205142
0.205342
0.205345
0.204828
0.205199
0.20505
0.204937
0.204639
0.205502


Repetition #6
0.205293
0.205713
0.205377
0.205624
0.205262
0.205295
0.205395
0.205749
0.205458
0.204816
0.205422
0.205296
0.205324
0.205278
0.205647
0.205648
0.205675
0.205165
0.205381
0.205482
0.205721
0.205591
0.205122
0.205002
0.204726
0.205277
0.205004
0.20477
0.20882
0.205281
0.205182
0.205037
0.205078
0.20492
0.20481
0.204844
0.204927
0.205324
0.204976
0.205271
0.204922
0.204955
0.20512
0.205097
0.204662
0.205235
0.205125
0.204802
0.205428
0.204893
0.205159
0.204636
0.204901
0.205022
0.205303
0.205274
0.20521
0.204856
0.205205
0.204397
0.20493
0.205057
0.205397
0.205152
0.204985
0.205272
0.205
0.205073
0.204821
0.205122
0.204869
0.204932
0.204388
0.205055
0.204762
0.204872
0.20517
0.204895
0.205173
0.204726
0.205275
0.205246
0.205164
0.205128
0.205132
0.2048
0.205189
0.205177
0.205446
0.205398
0.204778
0.204764
0.205419
0.204717
0.204553
0.204904
0.20516
0.204743
0.205023
0.204875


Repetition #7
0.205196
0.204784
0.204886
0.204952
0.205152
0.20486
0.204832
0.20532
0.205529
0.205475
0.205449
0.204667
0.205119
0.205047
0.205085
0.205033
0.205059
0.205085
0.204721
0.204794
0.204967
0.204923
0.205103
0.204916
0.205069
0.205274
0.204835
0.20513
0.205151
0.205159
0.204897
0.205155
0.20527
0.205266
0.205034
0.205123
0.205214
0.205341
0.205209
0.205097
0.205144
0.204769
0.205123
0.20511
0.205146
0.204697
0.204683
0.205173
0.204913
0.205011
0.205129
0.205315
0.205056
0.205012
0.205129
0.205132
0.204862
0.205199
0.205368
0.204876
0.205377
0.205237
0.20502
0.205126
0.204848
0.204944
0.204696
0.204947
0.204823
0.205288
0.205168
0.204672
0.205176
0.20495
0.205115
0.204982
0.204966
0.204674
0.204993
0.205214
0.205202
0.204813
0.205311
0.205305
0.205296
0.204863
0.20506
0.204952
0.205094
0.204802
0.205477
0.204715
0.205136
0.2053
0.205309
0.204999
0.204915
0.205271
0.205065
0.204827


Repetition #8
0.205359
0.204561
0.204554
0.205159
0.205121
0.205013
0.205252
0.204958
0.204394
0.204964
0.204703
0.20471
0.205193
0.205164
0.205204
0.204715
0.205096
0.205199
0.204861
0.204985
0.20504
0.205131
0.205208
0.20522
0.204984
0.205363
0.205195
0.204669
0.20543
0.204992
0.204963
0.205128
0.204794
0.204932
0.204923
0.204951
0.204602
0.205194
0.204792
0.205138
0.205079
0.205246
0.205599
0.205101
0.205086
0.205159
0.205107
0.204863
0.205307
0.205169
0.205258
0.20508
0.204915
0.20462
0.205226
0.204641
0.205048
0.204908
0.205064
0.2047
0.20483
0.204571
0.204752
0.205067
0.205161
0.205167
0.204656
0.205263
0.205059
0.205067
0.205019
0.204972
0.205356
0.204818
0.204959
0.205441
0.205183
0.205006
0.205472
0.205517
0.205566
0.205368
0.205522
0.205398
0.205358
0.204742
0.205491
0.205308
0.205275
0.205449
0.205551
0.205364
0.205286
0.205276
0.20499
0.205556
0.20561
0.20536
0.205609
0.205285


Repetition #9
0.205644
0.205693
0.205576
0.205378
0.205522
0.205785
0.205574
0.205602
0.205449
0.205178
0.205546
0.205324
0.205741
0.205272
0.205293
0.205145
0.205646
0.205632
0.205744
0.205766
0.205544
0.205503
0.205048
0.204907
0.205302
0.205236
0.205135
0.204924
0.205041
0.205066
0.205471
0.204888
0.204925
0.20536
0.204854
0.204913
0.20485
0.205047
0.204905
0.205067
0.204864
0.204797
0.204899
0.205006
0.204794
0.205355
0.20518
0.205401
0.204996
0.205294
0.205236
0.20504
0.20485
0.205116
0.205179
0.204549
0.205102
0.20466
0.20496
0.20466
0.204713
0.204972
0.204963
0.205127
0.204849
0.204862
0.205235
0.205197
0.205006
0.204876
0.204696
0.205301
0.204823
0.205127
0.204939
0.204985
0.204887
0.205004
0.205222
0.20538
0.205115
0.205118
0.20516
0.205174
0.205423
0.205379
0.205503
0.204991
0.205633
0.205853
0.205574
0.205548
0.205314
0.205416
0.205484
0.20545
0.205678
0.205608
0.205107
0.20533
