Repetition #1
11142
10752
10879
11064
10907
10719
10689
10900
10747
10756


Repetition #2
10839
10758
10845
10748
10848
10941
10929
10718
10855
10877


Repetition #3
10788
10873
10750
10778
10991
10797
10917
10838
10644
10652


Repetition #4
10955
10864
10669
10680
10751
10801
10971
10934
-989252
10841


Repetition #5
10878
10836
10853
10793
10807
10961
10884
10884
10599
10654


Repetition #6
10681
10771
11233
10747
10696
10821
10674
10792
10752
10656


Repetition #7
11029
10998
10837
10804
10942
10846
10884
10819
10726
10869


Repetition #8
10904
10678
10875
10862
10910
10960
10825
10740
10869
10769


Repetition #9
11014
10728
10794
10690
10930
10818
10774
10711
10719
10661


Repetition #10
10761
10707
10808
10610
10914
10704
10751
10641
10856
10886


Repetition #11
10983
10736
10805
10860
21187
10696
10901
10787
11118
10957


Repetition #12
10807
10645
10673
10700
11011
10746
10669
10781
10975
10666
